999999999999999999999999999999999999999999999999999999999999999999999999999999999999999999999999999999
924489109899998756789898976598656789797895432568999943456987754589345679531234921296541012398765445789
912378998789889547998787895439768999656798743456789892549876543478959789649349890987932123997754334579
901469987698778999876656789329879598767897654567896791029965432357898998798998789999864239865430124569
912356976576567989995234678998989439988998789679945892398655321369967899987895678998765456976521235679
923457989432345679984345789547698923899989898789134989499743210123458999876784567899876567897632347899
934567898921767898765578997634567934789879999892019978987654926434567898765623978934987688998743458999
945678997892389969876789996545679985678967999932198765498769897645678987543217899129898799219654569689
956799876793498954989892987659789876899458989943459854349898789876789198956326893239779898909875689569
987989865689567893497953498998995987954349979895769863210979699987899019875445954598665967919986789459
999878934599678942346964579867894598943298767789879989323569568998998929996656895987544459898997894349
902964323678999431237899789954923459657987655678989987635698457919987898989767899868532398787998965459
999879544569979910145678998765694998968998743467899876546987356929896567678978998754321989656799986789
985989658678968891234589999976789877899789654578932987697986597899765464569899899895449876545889998999
964598767889456793365899989897898765789679876689621298989997689998764353498789789987659765434567899999
943459878994345694456789876798949986796567988789532999978998791239843212987678678998798976545978949899
932579989998567789567999965989432398989459899899679887567999890245954329875534567899897999786899239789
947698796987679898999999954678945499679598767998998766456899921399895498764421358978986789897899999669
956987654599889956789987893557899986567999856867987654345789543988789679963210234567895989999999877559
979876543469994345698765432345678974349887645656899793235898659976578999754321234979934679987898765439
989984312378943234569984321234567956298765432345698972126789798765456799875634456895323567895679973129
998765323569654345979876832745878943129854321234987653467897999986789989876545667943101298934998991019
989976434978976457899987943656989894439876430257898764569956989998899778987656798943212989029897989129
978989549899897567978998654578996799545998532348999895678969879899986668998767899997625678998786878939
966698699798799689569679968789345678958999543456895976889998765799875557899898999876534789987665569549
954569987687678993457569878990267889767987654569934697997899654898764346789999689987649899876543478959
933469896546567892363456989439878999878998775678945799856978932339843235699989597899856956965432367899
912598789433456971012359994321989654989999896789656987645567891023985445699876456899967899854321348999
934989678912577962456798965420196543296789987898779098435457893999876568789999347899878989765432767899
965976589929698954569987896721997932135678998939989129321256899878989678996878956901989879887653578959
979765467898999997698876789939879899014599999012593294310345798768998989765767897899798768998767699049
998754345567998989987665878946965798923989989123459986521496987647897897654656998998659657899998989239
989765135456897678998574567899854687939878979234598765434989764536656889543246799987542348992199878999
976841012356789568959403489998743456898767568945679876549876653424345678952135689997653456789987656789
965432124567893499543212391298632347897654459996989987656965432101234567891019896798764667899876646569
987543265678954578954943459399521558998543298989894398789877945242545678932167965459878788998765432479
998654989789765689769894598987432367987655397676789209896998959656756789643459894344999899999874320189
939765699997978899999789987986545456798766989545678923965439768767997898759998789232345978989976721269
929889789986599999886678996597656678919879875434678939654329879878998939898889689101234569878987433459
910997999875456998764567895349868789723998764312389998965412989989979312987764569234999698765496564569
923456789876569769989678983239879899644599842102678987897323799998765499876543698949888999654399875689
964567899989979656798789875123999998789987653223489896989754678999879986987654567899767998765989989789
979878989999998949999896543234678999895499954345598775678965678989998765498965678988756989899878999899
989989778999867237893999874346899999987329875476989664567976789678999954329976789876545878999767889949
999998656998656126792098765457899989965101986569876543469997894589898765213989898765434567897654569439
998987549876543245689139879767987679893213987678987651078998923498769883201297999876745878986543478929
977698656989656756798945989998976559789929999799995432189999434987654996432345699987756989965432579439
965439797998987867987896797989875434667898999899876543298986549876543987943556789998987899879643489949
976569899896898978976797986877954323456987899978987664367897678998632199894968899999199910998764567899
989678998765689989895789875666798834569976899965198985456789789996421098789899998789099799899878878919
998999997654598998734678954555987645798765687894239996789899991987592987676789987678989658789989989109
976678996573987899623457893534598956899854566789457989898969892398989998565898976589878545679997893239
965568987432356789410348992125679498998932465896579878997656789999867889434767894398765634799896954349
943456995321247895321289989096989349987631234569699769789545699886756778921258953219994325698789896569
932129876430458976452379878989891235699542347678989757678956798765444567892347894309873212987676798679
943245987321267897567469868876790345798743456789978943456897899854323458943456789329654339876545899989
954356795432356789878997658765679456797654567898765612348998999643212469654677899498786498965434349899
976897898543467898989986543354789967898965678987654101367999998752102359978789998999997987897621256789
987998987654578967899876532163456898999879789896543212356789999864712467899999997896549876799810347899
999899998798789656799988721012345789895989896798654523467999899975643567945988986789439865878921578959
987798899899896546788987654123457897653292945899769694598948789986756798939876765678929954569437689349
976567679967999634567898743235568995432101234798978989679437678999867899329765443445698743458948790249
965456579956798745789987654346678987544532345697899878989124567891978994212984321234987654567899891269
974375467899987657897699765677889999665686459976548767991012378932989989329876543455698767698943942349
953214345998999798986599876788998798776797598765437656892923457999999878935989654789789879899959653459
932101256987891989987489989899976679898998999654322545999894767987898769896798795679999989987898764869
954213369876992978996569993998765567999989598754210139898789978976987658789899876799898993456789875879
965335456975789656889678972139874467989765459875324298765699989895498832678965989988767899569892987999
986896667976789345678989864398983355779964343986435349834567895789349943489874399876545678978921098939
997898978989891234589099875987892154668893212396586998923458987893239854699993210965434567899433199329
969999989892920123679199996976921012456789343987999876712369998943198765789989429854325789953999987439
945899998793492495678989549897893223567895454999898765423698999943019876789679598763019999999878986549
935678945679987676889678998798965435878976569897789876544567899892123999894568999652198998989767987869
916789434567898987994567986679998546989987798756678987658678965789934989943434598743987987975456998989
923994323459999798913458975567897656798798987545569999767889654597899978942123469854986786797867899499
974889014998999659894569864349998767895679876523457999878996573456998767891012356965975345679978912349
965679199876788949789679875656789879994799989434567894989865432345987658989134459876943234598999743459
976789987765767997698992989788992989985678987675678912991976549957999549878965678989832104677897654579
989899876554656789587891099899621099976799999789799324890987698899876539767898789998743312356798767889
998998765432349895456789198987432357897899999999895436789698987799765429879919899987654443467899878999
997899876521298954345698987976548767899999889899996547994579876688943212998901999899765567589989989979
976899875430197895234987656899679979998998765789987698922398765567892101356892398765986778697678999769
985799976591986976349896545678999899997987654599998999101987654356989212345689987654399889789567897659
999899987989875897898776532399887698976599765678999899919876543245678923658892198965899992993498999769
999978999976323689999654321298786587895432976789998789899987432136789998767921019896789921012989998979
998765698775212457998765210989654446899101298999998699789996543245678919898952198789898765123478987899
998764397654302356789654329876543234598913399749876456678998764356989434909943987678997654254569976799
989875498976413468899767434987432123457899976534984324589879878987899645919894976567898765365698765679
976986999986565589999898945699541034568998743123973213456965999998998769898789875457989877589986654589
965699899987677896799949876987632123679569654099865328767893219879029998797678976345678987698765323679
974698789999798975678934987898783238989498765989876567978932109767993239654589765457789699789987454569
943597678989899764579659998959894357894329879876987878989643498659889399895699878979898789898998765679
932986578976934953568998969542975767987437989987898989998789596545678989976897989989979894967989878789
941965456954329832489997654331296778996546796798959795799898989434599978987956793294567932459878989899
999894347895459753567896543210987889689957945989847674889987878945678967498967942123998921998767890949
989765458976569964678999654325698997569898999876734563478986767896889654329878956239889439896657891239
979876667897698765789998785434579865498789689875421012369875456789998796510999397998778959765546789349
965987878998789976789959887545678932345696567987632323459654367899999987432379239876567998654435678959
974298999329896987896845987656899421269893439876543434598765459999876598544467998765459876543212899999
932129458939945698965434598767965320178932123997654546789896589987765459665678987654345987654101256789
921012367898768999874324799878976534289431012398766757899987678976543269778789999821234598865312345679
999999999999999999999999999999999999999999999999999999999999999999999999999999999999999999999999999999